NW_019167826.1
1 9350
10351 161812
162813 187375
188376 251036
252037 913773
914774 1512374
1513375 2182682
2183683 2205546
2206547 3475047
3476048 3614619
3615620 4115522
4116523 4148850
4149851 4342089
4343090 4561140
4562141 5498892
5499893 5732471
5745497 5746313
5747314 6054080
6055081 6362357
6363358 6728267
6729268 8040866
8041867 8370036
8371037 8433995
8434996 8457199
8458200 8905290
8906291 8927986
8928316 9904405
9905406 10200425
10201426 10249542
10250543 10365848
10366849 10421900
10422901 10604068
10605069 10642348
10643349 10664446
10665447 10702092
10703093 11017725
11018726 11063398
11064399 11098487
11099488 11193507
11194508 11253907
11254908 11285671
11286672 11314368
11315369 11360585
11361586 11383011
11384012 11500881
11501882 11528890
11529891 11672042
11673043 11771300
11772301 11797827
11798828 11880161
11881162 11937519
11938520 12116022
12117023 12180975
12181976 12290101
12291102 12569820
12570821 12985695
12986696 13059624
13060625 13082715
13083716 13125848
13126849 13255303
13256304 13276748
13277749 13517415
13518416 13697923
13698924 13804914
13805915 13847369
13848370 13931493
13932494 14032802
14033803 14061696
14062697 14120316
14121317 14209085
14210086 14265647
14266648 14325683
14326684 14449118
14450119 14523931
14524932 14552912
14553913 14575037
14576038 14627745
14628746 14651176
14652177 14683412
14684413 14742431
14743432 14825951
14826952 14888520
14889521 15026875
15027876 15119447
15120448 15240664
15241665 15339799
15340800 15365557
15366558 15423939
15424940 15479593
15480594 15517764
15518765 15581529
15582530 15608532
15609533 15759732
15760733 15799413
15800414 15826031
15827032 15887211
15888212 15922625
15923626 16007406
16008407 16053400
16054401 16079657
16080658 16148309
16149310 16245696
16246697 16307827
16308828 16361675
16362676 16407150
16408151 16467643
16468644 16513059
16514060 16727996
16728997 16772856
16773857 16797075
16798076 16881416
16882417 16957291
16958292 16979532
16980533 17116620
17117621 17270515
17271516 17365130
17366131 17398847
17399848 17451176
17452177 17489210
17490211 17521742
17522743 17596471
17597472 17669908
17670909 17750614
17751615 17866809
17867810 17925775
17926776 18027748
18028749 18115336
18116337 18176757
18177758 18202164
18203165 18205024
18205442 18385573
18386574 18467490
18468491 18518955
18519956 18562489
18563490 18588778
18589779 18616479
18617480 18637606
18638607 18725536
18726537 18808857
18809858 18843114
18844115 18864985
18865986 18930136
18931137 18966064
18967065 18989061
18990062 19040971
19041972 19331125
19332126 19409381
19410382 19462802
19463803 19482322
19483323 19589914
19590915 19613744
19614745 19730774
19731775 19755485
19756486 19813060
19814061 19871878
19872879 19927191
19928192 19997826
19998827 20296389
20297390 20319597
20320598 20385342
20386343 20440653
20441654 20536371
20537372 20604282
20605283 20664460
20665461 20731675
20732676 20779938
20780939 20891481
20892482 20919187
20920188 20959361
20960362 21116704
21117705 21138740
21139741 21232213
21233214 21326122
21327123 21429718
21430719 21468658
21469659 21548220
21549221 21604406
21605407 21639306
21640307 21678179
21679180 21731604
21732605 21781600
21782601 21819724
21820725 22009234
22010235 22083670
22084671 22193170
22194171 22325140
22326141 22366473
22367474 22461115
22462116 22503281
22504282 22573637
22574638 22616512
22617513 22644442
22645443 22674749
22675750 22726367
22727368 22762976
22763977 22803627
22804628 22834494
22835495 22858491
22859492 22892484
22893485 22918634
22919635 23033780
23034781 23061347
23062348 23124018
23125019 23148575
23149576 23185294
23186295 23315649
23316650 23427862
23428863 23462568
23463569 23503062
23504063 23544602
23545603 23687885
23688886 23818062
23819063 23866382
23867383 23936885
23937886 24046917
24047918 24718319
24719320 25109773
25110774 25213641
25214642 25266795
25267796 25334900
25335901 25356087
25357088 25453655
25454656 25475985
25476986 25539504
25540505 25672364
25673365 25894161
25895162 26494285
26495286 26576524
26577525 26619896
26620897 26773474
26774475 26966537
26967538 27257020
27258021 27291540
27292541 27379087
27380088 27442201
27443202 27582735
27583736 27624717
27625718 27688793
27689794 27771422
27772423 27892201
27893202 27929314
27930315 27951105
27952106 27982995
27983996 28055447
28056448 28078535
28079536 28106007
28107008 28244139
28245140 28250834
28251180 28286965
28287966 28361841
28362842 28399449
28400450 28430004
28431005 28486959
28487960 28550029
28551030 28574158
28575159 28672303
28673304 28973452
28974453 29050055
29051056 29083450
29084451 29157371
29158372 29198188
29199189 29279489
29280490 29311670
29312671 29346650
29347651 29424097
29425098 29442540
29443541 29527694
29528695 29698858
29699859 29778050
29779051 29847046
29848047 29901324
29902325 29955097
29956098 30032447
30033448 30059633
30060634 30251385
30252386 30331057
30332058 30394231
30395232 30445790
30446791 30489717
30490718 30549737
30550738 30612148
30613149 30633339
30634340 30765459
30766460 30793591
30794592 30832209
30833210 30872631
30873632 30899336
30900337 30934099
30935100 31020157
31021158 31164230
31165231 31309149
31310150 31405073
31406074 31433413
31434414 31484807
31485808 31588365
31589366 31661405
31662406 31684842
31685843 31716905
31717906 31786786
31787787 31829011
31830012 31869281
31870282 31911893
31912894 31968780
31969781 32024181
32025182 32050574
32051575 32161199
32162200 32241628
32242629 32270623
32271624 32313252
32314253 32386969
32387970 32464910
32465911 32490355
32491356 32546785
32547786 32689723
32690724 32790712
32791713 32828969
32829970 32868412
32869413 32948667
32949668 33060323
33061324 33135082
33136083 33350304
33351305 33443083
33444084 33498326
33499327 33603575
33604576 33686137
33687138 33768130
33769131 33843758
33844759 33890797
33891798 33984261
33985262 34055107
34056108 34118962
34119963 34151386
34152387 34207619
34208620 34302311
34303312 34374998
34375999 34481848
34482849 34512865
34513866 34532535
34533536 34567848
34568849 34611596
34612597 34650468
34651469 34746685
34747686 34810496
34811497 34878232
34879233 34902629
34903630 34930043
34931044 35006330
35007331 35111664
35112665 35133860
35134861 35252082
35253083 35278016
35279017 35354888
35355889 35388940
35389941 35418927
35419928 35561644
35562645 35709831
35710832 35757240
35758241 35829951
35830952 35896557
35897558 36168171
36169172 36247430
36248431 36299135
NW_019167827.1
1 51137
52138 221791
222792 275041
276042 3104348
3105349 3156459
3157460 3506587
3507588 3683793
3684794 3939610
3940236 4361147
4362148 4743552
4744553 5152507
5153508 5592866
5593867 5689808
5690809 5728298
5729299 7042144
7043145 7792983
7793984 7857746
7858747 7891236
7892237 7966000
7967001 8303124
8304125 9380251
9381252 10196829
10197830 10835878
10836401 10864900
10865901 10984278
10985279 13114018
13115019 13472450
13473451 13727819
13728820 14274983
14275984 15010798
15011799 16361556
16362557 19313459
19314460 20025551
20026552 20048287
20049288 20362945
20363946 20400896
20401897 20859652
20860653 21196101
21197102 21221482
21222483 21306818
21308846 21791039
21792040 21860005
21861006 22033817
22039130 22797254
22798255 22828924
22829925 23629173
23630174 23713432
23714433 23967352
23968353 24115761
24116762 24138137
24139138 24162007
NW_019167828.1
1 89298
NW_019167829.1
1 87344
NW_019167830.1
1 30347
31348 87221
NW_019167831.1
1 86414
NW_019167832.1
1 85611
NW_019167833.1
1 85413
NW_019167834.1
1 85169
NW_019167835.1
1 6072
7845 8190
23851 43664
47256 54754
78637 82982
NW_019167836.1
1 38093
39094 82779
NW_019167837.1
1 68448
70036 82430
NW_019167838.1
1 33418
34419 61869
62870 119792
120793 142146
143147 243836
244837 269921
270922 351604
352605 455780
456781 615430
616431 806653
807654 853050
854051 876160
877161 1439003
1440004 2009916
2010917 2052272
2053273 3531258
3532259 3703555
3704556 4931187
4932188 5318782
5319783 5513117
5513620 5988413
5989414 6945049
6946050 7138645
7139646 7953717
7954718 7989063
7990064 8235222
8236223 8277101
8278102 8705882
8706883 8735171
8736172 9409735
9410736 9471550
9472551 9980987
9981988 10514572
10515573 10527950
10532094 10548838
10549839 10816913
10817914 11278868
11279869 11551063
11551184 11551242
11551740 11552178
11552496 12254294
12255295 12473959
12474960 12708609
12709610 13170684
13171685 13690241
13691242 14533841
14533999 14534431
14534661 14534780
14534869 14866830
14867831 15035260
15036261 15076036
15077037 15444361
15444669 17847838
17848839 18887080
18888081 18915104
18916105 19098019
19099020 19179227
19180228 19215913
19216914 19239741
19240742 19279399
19280400 19461160
19462161 19494380
19495381 19915189
19916190 20406476
20407477 20646449
20647450 20676004
20677005 20809661
20810662 20950756
20951757 20974561
20975562 21028594
21029595 21074555
21075556 21113267
21114268 21135289
21136290 21667131
21667389 21667509
21667708 21674559
21675560 22939954
22940955 23476712
23477713 23539123
23540124 23694537
23695538 23775123
NW_019167839.1
1 82127
NW_019167840.1
1 81376
NW_019167841.1
1 81219
NW_019167842.1
1 30635
31636 81152
NW_019167843.1
1 79019
79110 79328
79697 81131
NW_019167844.1
1 80870
NW_019167845.1
1 44288
45289 75373
75442 75684
75829 76771
77009 78591
78952 79051
79156 79526
79611 80777
NW_019167846.1
1 80462
NW_019167847.1
1 26426
27427 79960
NW_019167848.1
1 79424
NW_019167849.1
1 123963
124964 652034
653035 850014
851015 880560
881561 1179913
1180914 1212780
1213781 1248901
1249902 1310672
1311673 1373500
1374501 1406380
1407381 1568397
1569398 1624338
1625339 1697278
1698279 1772729
1773730 1925607
1926608 1958864
1959865 1996353
1997354 2031644
2032645 2085134
2086135 2113488
2114489 2143389
2144390 2195919
2196920 2251828
2252829 2308914
2309915 2364994
2365995 2512536
2513537 2581241
2582242 2646121
2647122 2698280
2699281 2923264
2924265 2952221
2953222 3022948
3023949 3058527
3059528 3081691
3082692 3112128
3113129 3383987
3384988 3494887
3495888 3628628
3629629 3817965
3818966 3892670
3893671 3931713
3932714 3967638
3968639 4153916
4154210 4437716
4438717 4485594
4486595 4601769
4602770 4735383
4736384 4778072
4779073 4822114
4823115 4867540
4868541 4937924
4938925 4977214
4978215 5002491
5003492 5136854
5137855 5185342
5186343 5273344
5274345 5309813
5310814 5423105
5424106 5447938
5448939 5479791
5480792 5509092
5510093 5550430
5551431 5617051
5618052 5676177
5677178 5755058
5756059 5861124
5862125 5887988
5888989 5946592
5947593 5976121
5977122 6001007
6002008 6059696
6060697 6088349
6089350 6258378
6259379 6390562
6391563 6880264
6881265 6927618
6928619 7001802
7002803 7157070
7158071 7191340
7192341 7420599
7421600 7503492
7504493 7825952
7826953 8219294
8220295 8276949
8277950 8496088
8497089 9200533
9200600 9201012
9201266 9419431
9420432 9581913
9582914 9604684
9605685 9760273
9761274 9781618
9782619 10471962
10472963 10523476
10524477 10620251
10621252 11003037
11004038 11044055
11045056 11245337
11246338 11301778
11302779 11433329
11434330 11698150
11699151 11799717
11800718 11828663
11829664 12052149
12053150 12354439
12355440 12420801
12421802 12547222
12548223 12581183
12582184 12613342
12614343 12757774
12758775 12803306
12804307 13081822
13082823 13494218
13495219 13719410
13720411 13747700
13748701 14173737
14174738 14399725
14400726 14431822
14432823 14480611
14481612 14765722
14766723 15114325
15115326 15121648
15122649 15826329
15827330 16694823
16695824 16803634
16804635 16827921
16828922 17123744
17124745 18206869
18207870 18688121
18689122 18767600
18768601 19220972
19221316 22454249
22455250 22487211
22488212 22966848
NW_019167850.1
1 77631
NW_019167851.1
1 24101
24239 24514
24719 24797
25775 25940
26006 77459
NW_019167852.1
1 55450
56451 77048
NW_019167853.1
1 76928
NW_019167854.1
1 76388
NW_019167855.1
1 75766
NW_019167856.1
1 75425
NW_019167857.1
1 75388
NW_019167858.1
1 72428
NW_019167859.1
1 31777
32778 71500
NW_019167860.1
1 644528
645529 682081
683082 705229
706230 821958
822959 1115178
1116179 1178896
1179897 1274299
1275300 1675649
1676650 1712455
1713456 2021141
2022142 2150033
2151034 2170687
2170863 2172615
2172859 2205654
2206655 2479390
2480391 2539802
2540803 2563868
2564869 2585381
2586382 3029689
3030690 3053197
3054198 3086040
3087041 3128046
3129047 3325413
3326414 3805052
3806053 4233227
4238359 4275968
4276969 4778700
4779701 4985572
4989592 4991220
4992221 5123417
5124418 5148990
5149991 5178734
5179735 5219848
5220849 5323494
5324495 5357499
5358500 5384500
5385501 5411980
5412981 5644541
5645542 5675778
5676779 5811182
5812183 6131220
6132221 6215566
6216567 6789762
6790763 7439392
7439722 10829704
10830705 10870502
10871503 10927402
10928403 11031156
11032157 11060887
11061888 11556460
11557461 11594125
11595126 12144908
12145909 12167850
12168851 13073044
13073350 13240563
13241564 13519286
13520287 14110951
14111952 14136260
14137261 15721247
15722248 16267157
16268158 16364608
16365609 16498254
16499255 16520739
16521740 16612666
16613667 16706115
16707116 16748737
16749738 16799268
16800269 16897538
16898539 17068346
17069347 17090307
17091308 17442246
17443247 17472679
17473680 17504801
17505802 17837797
17838798 17875302
17875377 17875571
17875657 17875788
17876101 17876162
17876464 17910233
17911234 17994678
17995679 18037645
18038541 18040405
18041089 18064797
18065798 18105108
18106109 18134575
18135576 18195717
18196718 18493033
18494034 18540243
18541244 18578365
18579366 19175597
19176598 19224868
19225869 19898576
19899577 21044627
21045628 21975834
21976835 22724830
NW_019167861.1
1 36269
37270 71190
NW_019167862.1
1 70801
NW_019167863.1
1 22862
23863 70279
NW_019167864.1
1 70240
NW_019167865.1
1 68655
NW_019167866.1
1 68447
NW_019167867.1
1 68340
NW_019167868.1
1 68285
NW_019167869.1
1 68123
NW_019167870.1
1 43585
44586 67612
NW_019167871.1
1 72526
73527 139987
140988 464564
465565 662850
664639 698651
699652 735864
736865 798445
799446 894871
895872 931857
932858 980100
981101 1002708
1003709 1277366
1278367 1480148
1481149 2403228
2404229 4126385
4127386 4330448
4331449 5117740
5118221 5118744
5119745 5434861
5435862 5468375
5469376 6184969
6185970 6484301
6485302 6701347
6702348 7146612
7147613 7220127
7221128 7244428
7245429 7488633
7489634 7561195
7562196 7567896
7568155 7568277
7568956 7570201
7570649 7572327
7573471 7573529
7574833 7574884
7574996 7618579
7619580 7706277
7707278 7745163
7746164 7909480
7909780 7989290
7990291 8185291
8186292 9085604
9086605 9141894
9142895 9545727
9546728 9612862
9613863 9642176
9643177 9779605
9780606 9866264
9866645 9949294
9950295 10029413
10030414 10221149
10222150 10473403
10474404 11129143
11130144 11806948
11807471 12300373
12301374 12506454
12506993 12652829
12653830 12943823
12944824 14150498
14151499 14210832
14211833 16427539
16428540 17079384
17080385 17931984
17932985 17997669
17998670 18177959
18178960 18369407
18370408 18542278
18542392 18543845
18544156 18778413
18779414 18820050
18821051 18874835
18875836 18896761
18897762 18919847
18920848 19079402
19081770 19209223
19210224 19237278
19238279 19289876
19290877 19359849
19360850 19412239
19413240 19472788
19473789 19567843
19568844 19599302
19600303 19680303
19681304 19703926
19704927 19747090
19748091 19780171
19781172 19842931
19843932 19876541
19877542 19916445
19917446 20166577
20167578 20196811
20197812 20244052
20245053 20302697
20303698 20374423
20375424 20417651
20418652 20525098
20526099 20550860
20551861 20582918
20583919 20641371
20642372 20710512
20711513 20818286
20819287 20847892
20848893 20903060
20904061 20950152
20951153 21002189
21003190 21158571
21159572 21199663
21200664 21235733
21236734 21289987
21290988 21317257
21318258 21382626
21383627 21407415
21408416 21488266
21489267 21513837
21514838 21597251
21598252 21622895
21623896 21661022
21662023 21697023
21698024 21805140
21806141 21865974
21866975 21994230
21995231 22021532
22022533 22142795
22143796 22180204
22181205 22336853
22337854 22398534
22399535 22448200
22449201 22470552
22471553 22494635
22495636 22530265
22531266 22631831
NW_019167872.1
1 67158
NW_019167873.1
1 34818
35819 67063
NW_019167874.1
1 66706
NW_019167875.1
1 66668
NW_019167876.1
1 66290
NW_019167877.1
1 39841
40842 66083
NW_019167878.1
1 65549
NW_019167879.1
1 65193
NW_019167880.1
1 65141
NW_019167881.1
1 64952
NW_019167882.1
1 104185
104266 104379
104738 104988
105167 105262
105360 105441
105559 105631
105820 279834
280835 302134
303135 376547
377548 657977
658978 835113
836114 861297
862298 1012967
1013968 1659005
1660006 1869837
1870838 2335882
2336883 2507584
2508585 2533080
2534081 2558364
2558712 2558775
2558941 3027543
3028544 3359090
3360091 3545628
3546629 4102911
4103912 4492299
4493300 5038523
5039524 5293319
5294320 5323950
5324951 5433536
5434537 5701319
5701596 5763090
5764091 7028233
7029234 7304646
7305647 7517686
7518687 7668439
7669440 7694171
7695172 7718682
7719683 8315759
8316760 8931166
8932167 9012682
9013683 9389880
9390881 10102072
10103073 10882631
10883632 11566164
11567165 12072046
12073047 12818601
12819602 14102907
14103908 14876870
14877871 14935323
14936324 14989846
14990847 15404760
15405761 15442019
15443020 15469959
15470960 15502194
15503195 15553966
15554967 15616748
15617321 17066450
17067451 18386753
18387754 19293770
19294771 20159578
20160579 20268136
20269137 20299765
20302344 20390542
20391543 20566712
20567713 20915232
20916233 21644596
21645597 21999061
22000062 22024450
22025451 22258323
22259324 22356415
22357416 22377743
22378744 22401152
22402153 22478863
NW_019167883.1
1 21347
22348 64877
NW_019167884.1
1 64682
NW_019167885.1
1 64552
NW_019167886.1
1 64300
NW_019167887.1
1 64280
NW_019167888.1
1 64109
NW_019167889.1
1 63884
NW_019167890.1
1 35100
36101 63458
NW_019167891.1
1 63048
NW_019167892.1
1 33815
34816 62920
NW_019167893.1
1 522
1523 856626
857627 1433328
1434329 6416421
6417422 6878156
6878294 6878414
6879794 6880009
6880141 7666727
7667728 8497803
8498107 8769807
8770808 9456452
9457453 9664150
9664627 10154421
10155422 10181313
10182314 10393177
10394178 10719647
10720648 10978399
10979400 11515791
11516792 11583590
11584591 11724354
11725355 11746408
11747409 11773475
11774211 11918748
11919749 11945332
11946333 12163666
12164667 12202121
12203122 12223799
12224800 12346638
12347639 12530428
12531429 12557972
12558973 12821502
12822503 12937527
12938528 13373536
13374537 13444026
13445027 13486606
13487607 13600751
13601445 13604665
13605666 14301051
14302052 14560910
14561911 14611043
14612044 14638077
14639078 14707819
14708785 14708939
14709520 14850667
14851668 14863847
14864221 14887622
14888623 14939981
14940982 14977199
14978200 15039738
15040739 15071330
15072331 15409723
15410724 15714524
15715525 16138598
16139073 16594585
16595586 17157242
17158243 17593166
17594167 17615143
17616144 18065568
18066569 18315330
18316331 19224795
19225796 19254068
19255069 19303758
19304759 19331984
19332985 19357475
19358476 19395559
19396560 19418169
19419170 19439328
19440329 19490815
19491816 19780967
19781968 19874566
19875567 20041912
20042913 20292286
20293287 20322853
20323854 20361036
20362037 20392532
20393533 20450567
20451568 20493597
20494598 20517499
20518500 20850665
20851666 20892909
20893910 20921668
20922669 21452102
21453103 21522479
21523480 21829091
21830092 21865952
21866953 22157061
NW_019167894.1
1 62779
NW_019167895.1
1 62012
NW_019167896.1
1 62003
NW_019167897.1
1 61898
NW_019167898.1
1 61869
NW_019167899.1
1 60230
NW_019167900.1
1 60120
NW_019167901.1
1 60114
NW_019167902.1
1 59728
NW_019167903.1
1 59706
NW_019167904.1
1 246818
247819 269907
270908 1202569
1203570 1282605
1283606 1387556
1388557 1589100
1590101 1645388
1646389 1703473
1704474 1767647
1768648 1808125
1809126 2126303
2127304 2190839
2191840 2250039
2251040 2282412
2283413 2355461
2356462 2530994
2531995 3946090
3947091 4085830
4086831 4125814
4126815 4197033
4198034 4430358
4431359 4493803
4494804 4643205
4644206 4683462
4684463 4730082
4731083 4806621
4807622 5041221
5041901 5129683
5130684 5529063
5530064 5790338
5791339 5817586
5818587 5991693
5992694 6045956
6046957 6284386
6285387 6389253
6390254 6554783
6555784 7453656
7453931 7857099
7858100 7896571
7897572 7970623
7971624 8001019
8002020 8493285
8494286 9283100
9284101 9306884
9307885 9575519
9576520 9912477
9913478 10014868
10015183 10124294
10125295 10161505
10162506 10196414
10197415 10207520
10208806 10252859
10253860 10305924
10306925 10337879
10338880 10361222
10362223 10386818
10387819 10437513
10438514 10484795
10485796 10662799
10664072 10667521
10667840 11383894
11384312 11384401
11384618 11666458
11667459 11728481
11729482 12181748
12182749 12513456
12514457 13044687
13045688 13202706
13203707 13602949
13603950 13690590
13691591 13908927
13909928 13921028
13921157 13921319
13921539 13921740
13921846 13922197
13922749 14034563
14035564 14083363
14084364 14128904
14129905 14278439
14279440 14611522
14612523 14965262
14966263 15051752
15052753 15084344
15085345 15215704
15216705 15240168
15241169 15361620
15362621 15411660
15412661 15519229
15520230 15922492
15923493 15982281
15983282 16062601
16063602 16117064
16118065 16211424
16212425 16233312
16234313 16441044
16442045 16674047
16678973 17044137
17045138 17124958
17125959 17154613
17155614 17199687
17200688 18403934
18404935 18858181
18859182 19165841
19166842 19202158
19203159 19580832
19581833 19628238
19629239 19859483
19860484 19886527
19887528 20259892
20260893 20351978
20352979 21023819
21024820 21051667
21052668 21077588
21078589 21107920
NW_019167905.1
1 30844
31845 59665
NW_019167906.1
1 59337
NW_019167907.1
1 59215
NW_019167908.1
1 58917
NW_019167909.1
1 24691
25692 58248
NW_019167910.1
1 58034
NW_019167911.1
1 57953
NW_019167912.1
1 28591
29592 57599
NW_019167913.1
1 57339
NW_019167914.1
1 15759
15828 16422
16556 57263
NW_019167915.1
1 754
1755 28309
29310 1851748
1852749 1873107
1874108 1939012
1940013 1964880
1965881 3793744
3794745 3902949
3903950 4284262
4285263 4618243
4619244 4944970
4945282 4945361
4945588 4946986
4947100 5336791
5337792 5360169
5361170 6171014
6172015 6648415
6649416 6728489
6729490 6765617
6766618 6813946
6814947 6844059
6845060 7384865
7385866 7415670
7415742 7415797
7415877 7415950
7416115 7416171
7416266 7416783
7417193 7417265
7417353 7455072
7456073 7732536
7733537 7786978
7787979 7973232
7974233 7997991
7998992 8043314
8044315 8857831
8858832 9163818
9164819 9249474
9250475 9610539
9611540 9671650
9672651 10710152
10711153 11328961
11329962 12472040
12473041 12602576
12603577 13518404
13519405 14280024
14280943 14844240
14845241 15041534
15042535 15114112
15115113 15656018
15657019 15955949
15956950 15982847
15983848 16103716
16104717 16253065
16254066 16493711
16494712 16633511
16634512 16664950
16665951 16781255
16782256 16813425
16814426 16861076
16862077 17006449
17007450 17059488
17060489 17230101
17231102 17326109
17327110 17510551
17511552 17532416
17533417 17574181
17575182 17619521
17620522 17689475
17690476 17863727
17864728 18009523
18010524 18031770
18032771 18095584
18096585 18186933
18187934 18237862
18238863 18288870
18289613 18310616
18311617 18405154
18406155 18558056
18559057 18649258
18650259 18828236
18829237 18915070
18916071 18975574
18976575 19033893
19034894 19138592
19139593 19269223
19270224 19346938
19347939 19385574
19386575 19556338
19557339 20052047
20053048 20079646
20080647 20115113
20116114 20173864
20174865 20225901
20226902 20271327
20272328 20341163
20342164 20362356
20363357 20388151
20389152 20560383
20561384 20589432
20590433 20651455
20652456 20672241
20672363 20672419
20672629 20672774
20672934 20713159
20714160 20765110
NW_019167916.1
1 57036
NW_019167917.1
1 56758
NW_019167918.1
1 56680
NW_019167919.1
1 56284
NW_019167920.1
1 45998
46393 46600
46889 46970
47179 56251
NW_019167921.1
1 56231
NW_019167922.1
1 56098
NW_019167923.1
1 55919
NW_019167924.1
1 54654
NW_019167925.1
1 54426
NW_019167926.1
1 25104
26105 270107
271108 325211
326212 344288
346156 350108
351109 469295
469808 477003
478004 552324
553325 606381
607382 712228
713229 755027
756028 891787
892788 950379
951380 1435543
1436544 1596516
1597517 1645518
1646519 1808218
1809219 1844040
1845041 1855788
1857936 2068315
2069316 2131506
2132507 2270508
2271509 2343081
2343419 2346472
2347473 2896110
2897111 2988544
2989545 3052948
3053949 3077790
3078791 3547099
3548100 3615205
3616206 3902558
3903085 4072711
4073712 4141622
4142623 4553397
4554398 4689605
4690606 5742796
5743892 5744207
5744420 5744598
5744997 6733931
6734932 7608755
7609756 7667901
7668902 7692209
7693210 8140950
8141951 8227445
8228446 8266677
8267678 8791482
8792483 9046015
9047016 9097402
9098403 9391845
9392846 10001157
10002158 10028828
10029829 10354874
10355875 10798462
10799463 10873853
10874854 11449486
11450487 11470895
11471896 11902398
11903399 11967440
11968441 12031815
12032816 12066048
12067049 12346454
12347455 12550573
12551574 12900542
12901543 13544127
13545128 13715751
13716752 13864273
13864356 14784473
14785474 14868373
14869374 15319512
15320513 15358872
15359873 15427321
15428322 15862896
15863897 16109175
16110176 16143592
16144593 16195395
16196396 16231838
16232365 16232900
16233005 16255803
16256804 16288350
16289351 16313905
16314906 16627554
16628555 16678617
16679618 16786899
16787900 16801326
16801511 16801613
16801855 16802027
16802176 16842012
16843013 16918738
16919739 16946742
16947743 17031709
17032710 17152237
17153238 17216588
17217589 17261996
17262997 17286802
17287803 17375420
17376421 17472817
17473818 17496928
17497929 17661235
17662236 17686956
17687957 17811343
17812344 17839500
17840501 17914449
17915450 17993511
17994512 18022211
18023212 18317735
18318736 18390951
18391952 18434801
18435802 18852664
18853665 18933116
18934117 19047966
19048967 19049712
19049795 19050027
19050156 19050928
19051081 19051367
19051777 19055967
19056063 19056946
19057087 19057162
19057235 19057351
19058204 19058432
19058613 19074044
19075045 19102983
19103984 19150570
19151571 19355873
19356874 19433967
19434968 19458243
19459244 19484903
19485904 19525282
19526283 19586468
19587469 19657772
19658773 19722989
19723990 19756673
19757674 19781629
19782630 19862035
19863036 19917451
19918452 19970531
19971532 20001152
20002153 20060819
NW_019167927.1
1 4630
4861 5200
5372 5678
6113 6316
6409 54398
NW_019167928.1
1 54381
NW_019167929.1
1 53804
NW_019167930.1
1 26293
27294 53604
NW_019167931.1
1 53419
NW_019167932.1
1 53324
NW_019167933.1
1 52939
NW_019167934.1
1 8006
17033 52816
NW_019167935.1
1 52463
NW_019167936.1
1 52286
NW_019167937.1
1 89717
90718 790706
791707 1078745
1079746 1589888
1590889 1592682
1593371 1593456
1593535 1593717
1593802 1594124
1594248 1594743
1594906 1852890
1853891 1950546
1951968 2381015
2382016 2402188
2403189 2452298
2453299 3062129
3063130 3419539
3420540 3559115
3560116 3599772
3600773 4171312
4172313 4310194
4311195 4944341
4945342 6493229
6494230 6517553
6518554 6856360
6857361 7001488
7002489 7307910
7308911 7579507
7580508 7611830
7612831 7860085
7861086 7914605
7915606 7946841
7947385 8249301
8250302 9042866
9043867 9481453
9481648 9481747
9482241 9732162
9733163 9785811
9786812 9820798
9821799 10801321
10802322 10823062
10824063 11476029
11477030 11783095
11784096 12120936
12121937 12221322
12222323 12260407
12261408 12904305
12904573 12904955
12905757 12905853
12906367 12906716
12906843 12906898
12908054 14245638
14246639 14269994
14270995 14343406
14344407 14383310
14384311 14454166
14455167 14637526
14638527 14677133
14678134 14745875
14746876 14862225
14863226 14916591
14917592 14958090
14959091 14981782
14982783 15015009
15016010 15059350
15060351 15091559
15092560 15206263
15207264 15242100
15243101 15266676
15267677 15290411
15291412 15312977
15313978 15352783
15353784 15442976
15443977 15469708
15470709 15528837
15529838 15704764
15705765 15735957
15736958 15755855
15756856 15788076
15789077 15825335
15826336 15875863
15876864 15909726
15910727 16012725
16013726 16219730
16220731 16337821
16338822 16365101
16366102 16606360
16607361 16662644
16663645 16735793
16736794 16812443
16813444 16926723
16927724 17040194
17041195 17081492
17082493 17104680
17105681 17143950
17144951 17203080
17204081 17339573
17340574 17409068
17410069 17593601
17594602 17869490
17870491 17947678
17948679 17972584
17973585 18019337
18020338 18036273
18037274 18171231
18172232 18214709
18215710 18279309
18280310 18303344
18304345 18669168
18670169 18824505
18825506 19001265
19002266 19026306
19027307 19067318
19068319 19260325
19261326 19303094
19304095 19377764
19378765 19746497
19747498 19827521
19828522 19849783
19850784 19880257
19881258 20335485
20336486 20378276
20379277 20497820
20498821 20673324
20674325 20697186
20698187 21019044
21020045 21069273
21070274 21238924
21239925 21259572
21260573 21290997
21291998 21489085
21490086 21527806
21528807 21549449
21550450 21572450
21573451 21647996
21648997 21711419
21712420 21771262
21772263 21897523
21898524 22112328
22113329 22146582
22147583 22363734
22364735 22396805
22397806 23331045
23332046 24401561
24402562 24614876
24615877 24919381
24920382 25388274
25389275 25580288
25581289 25606455
25607456 25633651
25633975 25766490
25767491 26663598
26664599 26707702
26708703 26754880
26755881 26828460
26829461 26959336
26960337 27030256
27031257 27126219
27127220 27293934
27294935 27371981
27372982 27619613
27620614 27716788
27717789 27862480
27863481 28026683
28027684 28244305
28245306 28424113
28425114 28436841
28437320 28920551
28921552 28954452
28955453 28987365
28988366 29066525
29067526 29745240
29746241 30308624
30309372 30364890
30365891 30399638
30400639 30681440
30682441 30734533
30735534 31289973
31290974 33756710
33757711 34065064
34066065 34672144
34673145 34700417
34701418 35885061
NW_019167938.1
1 4053
5054 4079604
4080605 4614799
4615800 4659830
4660831 4683399
4684400 4886801
4887802 5231836
5232837 6637344
6638345 7391694
7392695 7562849
7563850 8129391
8130392 8175807
8176808 8235422
8236423 8264747
8265748 8286003
8287004 9384098
9385099 9396712
9397713 9538081
9539082 9565988
9566989 9591355
9592356 9615064
9616065 10124431
10125432 10298036
10298216 10299257
10299351 10299425
10299541 10345769
10346770 10369274
10370275 10824429
10825430 10896284
10897285 10987277
10987494 10987831
10987922 11086032
11087033 11756922
11757923 11792458
11793459 11871625
11872626 11912218
11913219 12110426
12111427 12135780
12136781 12248080
12249081 12292627
12293628 12317762
12318763 12402015
12403016 12441886
12442887 12525946
12526947 12567283
12568284 12599200
12600201 13488490
13489491 13651866
13651953 13652002
13652124 13652254
13652496 13652661
13653969 13668543
13669544 14274098
14275099 14301914
14302513 14303023
14303592 14327135
14328136 14560789
14561790 14598204
14599205 14652005
14653006 14689963
14690964 14720355
14721356 14773304
14774305 14820733
14821734 14843437
14844438 14865136
14866137 14949614
14950615 14981748
14982749 15017870
15018871 15049099
15050100 15190468
15190542 15275587
15276588 15518156
15519157 15540576
15541577 15575976
15576977 17280207
17281208 17933573
17934574 17960992
17961993 18136154
18137155 18164244
18165245 18196946
18197947 18259701
18260702 18293580
18294581 18522945
18523946 18547651
18548652 18677286
18678287 19595608
19596609 19866354
NW_019167939.1
1 25624
26625 52130
NW_019167940.1
1 20529
21530 52044
NW_019167941.1
1 51944
NW_019167942.1
1 51904
NW_019167943.1
1 51768
NW_019167944.1
1 51675
NW_019167945.1
1 51494
NW_019167946.1
1 51223
NW_019167947.1
1 51204
NW_019167948.1
1 729
2843 50768
NW_019167949.1
1 85337
85641 90195
90282 116623
127922 244865
254356 1793804
1794805 2074621
2075622 3085410
3086411 3138234
3139235 3889767
3890768 3938391
3939392 4025453
4031988 4166752
4175630 4798324
4820029 5210373
5216804 5632214
5633215 5709381
5710382 5809335
5819633 5997101
6006991 6008592
6009593 6096778
6097779 6182116
6182764 6218284
6221868 6648668
6657243 6934245
6942147 6973057
6987299 6996039
7003251 7392217
7393218 7640681
7650149 7690432
7703346 7934449
7935450 8250484
8251485 8389679
8390680 8422396
8423397 8459363
8460364 8501640
8502641 8579769
8580770 8602594
8603595 8606299
8612542 8630925
8631926 8655608
8656609 8774180
8775181 8826763
8842475 8865576
8866577 8938406
8939407 9106169
9107170 9185462
9188854 9304832
9341696 9703633
9703699 9704272
9704709 9754419
9763191 9986256
9990440 10010951
10019634 10381727
10393907 10483715
10484716 10510920
10511921 10531114
10540902 10577487
10590474 10787661
10788662 10881394
10885240 11088899
11089900 11184315
11185316 11257936
11258190 11299375
11299668 11302188
11302394 11364370
11382725 11973714
11976352 11982021
11986308 11994234
11995878 12051785
12052535 12056891
12057604 12092002
12092251 12175739
12177203 12248347
12249348 12450285
12451286 12606942
12607943 12643338
12644339 12675185
12676186 12753764
12754765 12826705
12827706 12867463
12868464 12890245
12891246 12944784
12945785 13007644
13008645 13078219
13079220 13169259
13170260 13377503
13378504 13399867
13400868 13491042
13492043 13524552
13525553 13641351
13642352 13786277
13787278 13850562
13851563 13874935
13875936 13962226
13963227 14085058
14086059 14312295
14313296 14365196
14366197 14553220
14554221 14585967
14586968 14661240
14661803 14664914
14665915 14733565
14734566 14809888
14810889 14947561
14948562 15021103
15022104 15060656
15061657 15205970
15206971 15234956
15235957 15276731
15277732 15625940
15626941 15725010
15726011 15747044
15748045 15770623
15771624 15793261
15794262 15845759
15846760 15872246
15873247 15908001
15909002 15957962
15958963 15983793
15984794 16032205
16033206 16057412
16058413 16083393
16084394 16126534
16127535 16150267
16151268 16240332
16241333 16303915
16304916 16329093
16330094 16636426
16637427 16682771
16683772 16754190
16755191 16978311
16979312 17005713
17006714 17034089
17035090 17146256
17147257 17266735
17267736 17312305
17313306 17541707
17542708 17584294
17585295 17630212
17631213 17715552
17716553 17757946
17758947 17892018
17893019 17946528
17947529 18004206
18005207 18036287
18037288 18118606
18119607 18241452
18242453 18303118
18323157 18457615
18458616 18492773
18501351 18601698
18609282 18745618
18766966 18807555
18807929 19235625
19236626 19378924
19379925 19405552
19406553 19453163
19456647 19456942
19463243 19528730
19529731 19670397
19671398 19774560
19775561 19848060
NW_019167950.1
1 50706
NW_019167951.1
1 50678
NW_019167952.1
1 26193
27194 50665
NW_019167953.1
1 50268
NW_019167954.1
1 16905
25031 50219
NW_019167955.1
1 21791
22792 50203
NW_019167956.1
1 50149
NW_019167957.1
1 49173
NW_019167958.1
1 49044
NW_019167959.1
1 48896
NW_019167960.1
1 191175
192176 423394
424395 535916
536917 557860
558861 960981
961982 1228790
1238707 1368164
1369165 1437114
1438115 1502760
1503761 1907793
1908794 2023717
2024038 2195424
2196425 2287285
2288286 2318577
2319578 2448701
2449702 2575299
2576300 2599415
2600416 2732005
2740334 2766701
2767702 2769459
2769948 2793233
2794234 2853248
2854249 2899957
2900958 2980010
2981011 3077935
3078936 3164639
3165640 3836372
3837373 3972924
3973925 3983448
3984449 4170911
4171912 4204081
4205082 4337152
4338153 4558587
4559588 4598262
4599770 4605029
4612934 4672144
4673145 4733716
4748430 4765413
4773060 4944431
4949398 5066271
5067272 5077357
5079638 5211321
5212322 5288702
5310254 5328415
5329416 5600091
5601092 5634729
5635730 5659962
5660963 5878132
5896244 6172377
6187681 6732878
6733879 6964124
6965125 7033219
7034220 7071017
7072018 7109869
7109993 7110349
7110561 7110861
7110939 7239968
7240969 7253354
7259852 7329306
7330307 7355047
7356048 7386516
7387517 7421801
7422802 7698308
7709906 7931490
7932491 8012043
8013044 8069425
8079034 8094027
8101057 8566679
8567680 8673519
8683067 8709015
8717540 8953698
8965483 9333382
9344405 10496719
10497153 10498161
10509337 10516996
10525101 10526995
10527996 10684504
10685505 10946838
10947839 10973726
10974727 11117466
11118467 11141298
11142299 11830243
11843676 12447647
12458717 12598068
12598353 12956587
12957072 12957425
12957491 12958016
12958122 12958719
12958856 12985487
12997408 13080651
13092424 13220950
13221951 13315718
13323089 13567345
13568346 13674382
13683213 13726278
13727279 13779977
13780978 13862907
13869585 14019342
14020343 14050488
14051489 14055225
14083101 14100172
14101173 14352764
14371500 14416346
14426245 14681320
14685890 14794682
14800022 15008559
15022914 15255731
15256732 15294108
15317108 15373238
15377876 15658255
15669250 16111845
16124568 16194635
16212052 16430240
16432456 16560049
16571323 17366840
17367841 17582706
17589863 17735880
17739889 18700211
18711587 19541523
19542524 19566578
19567579 19587844
NW_019167961.1
1 48538
NW_019167962.1
1 48525
NW_019167963.1
1 48125
NW_019167964.1
1 47478
NW_019167965.1
1 46922
NW_019167966.1
1 46882
NW_019167967.1
1 46850
NW_019167968.1
1 46841
NW_019167969.1
1 24112
25113 46691
NW_019167970.1
1 46402
NW_019167971.1
1 287861
288862 351963
352964 378673
379674 616674
617675 729904
730905 800002
801003 838360
839361 986728
987729 1097071
1098072 1127788
1128789 1215498
1216499 1849299
1850300 1881432
1882433 2283163
2284164 2366200
2367201 2407377
2408378 2470168
2471169 2563564
2564565 2748799
2749800 2835148
2836149 3075461
3076462 3149653
3150654 3298153
3299154 3432852
3433853 3477729
3478730 3672494
3673495 3834615
3835616 3946923
3947924 4009690
4010691 4238170
4239171 4462225
4463226 4618558
4619559 4738530
4739531 4792495
4793496 4893640
4894641 4949643
4950644 5017749
5018750 5218420
5219421 5473622
5474623 5589274
5590275 5734825
5735826 5841561
5842562 5866168
5867169 6162301
6163302 6186971
6187972 6265266
6266267 6559637
6560638 6592135
6593136 6635048
6636049 6742699
6743700 6863074
6864075 7030723
7073714 7629663
7630664 7946104
7947009 7948293
7959553 8228626
8241867 8606533
8612311 8626820
8636100 8703358
8715445 8733472
8741985 9058578
9059170 9059818
9061300 9271252
9275789 9821310
9825899 10048980
10059881 10068426
10069427 10154641
10155642 10309993
10326287 10437734
10438735 10460434
10461435 10613170
10614249 10614618
10616159 10616366
10617248 10617937
10618110 10835740
10838734 10901933
10902934 10930247
10931248 11006909
11007910 11439299
11453331 12105562
12106563 12256259
12265992 12318429
12322785 12565332
12575909 13294880
13303552 13376793
13377065 13738883
13745216 13962560
13963561 14231274
14231610 14898631
14906938 14978789
14990416 15195317
15196318 15239669
15248201 15305024
15306025 16085250
16088512 16091098
16092099 16851881
16852365 16870845
16871846 17113669
17114670 18068793
18069794 18132845
18140049 18150658
18164796 18947006
18950160 19268551
NW_019167972.1
1 46222
NW_019167973.1
1 46201
NW_019167974.1
1 46147
NW_019167975.1
1 46123
NW_019167976.1
1 45432
NW_019167977.1
1 45336
NW_019167978.1
8971 44993
NW_019167979.1
1 44953
NW_019167980.1
1 44700
NW_019167981.1
1 44689
NW_019167982.1
1 257698
258699 281596
282597 519392
534577 870576
883252 955687
965938 1026907
1027908 1162305
1163306 1177564
1180302 1264456
1281523 1466167
1479233 1504607
1514846 1521318
1534334 1872776
1878399 1943159
1951359 2020169
2021170 2075978
2076979 2776430
2776558 2776899
2777162 2777482
2777640 2777692
2777984 2788686
2789687 2834024
2835025 2862806
2863807 2891322
2892323 2919755
2920756 2954551
2955552 2983815
2984816 3069099
3070100 3125328
3126329 3309731
3310732 3352491
3360765 3363352
3372474 3548127
3548668 3841716
3848840 4153541
4154542 4206777
4207778 4246037
4247038 4335544
4336545 4641899
4642922 4643047
4643197 4643477
4643565 4644146
4644348 4645306
4645402 4645843
4648625 5274903
5275904 5496675
5496944 5547263
5553379 5553944
5555576 5725293
5729268 6081809
6091412 6166189
6167190 6187621
6188622 6470115
6471116 6552477
6559469 6750293
6751294 6873082
6881871 7339647
7353140 7442852
7443853 7496154
7497155 7728517
7751238 7844663
7846123 7853602
7866491 7933591
7941828 8537078
8538079 8613889
8614890 8653333
8669932 8758546
8759160 8982448
8983449 9725435
9726436 9980799
10008079 10122459
10123460 10376599
10388174 10388394
10392157 10410987
10417685 10483891
10494675 10502827
10503828 10634128
10639358 10806494
10819873 11012231
11025761 11312975
11313631 11314226
11333274 11429048
11431735 11560023
11567583 11705068
11706069 11742687
11743688 12065101
12066102 12259191
12272618 12389165
12405759 12405875
12408609 12412179
12413180 12525389
12526390 12829190
12837240 12870307
12883533 12946427
12947428 13200139
13201140 13237988
13238989 13302067
13303068 13471936
13479684 13911383
13919693 13977731
13978732 14039339
14040340 14321143
14322144 14541366
14542367 14571602
14572603 14628133
14629134 14695692
14707089 14922469
14923470 14975532
14976533 15063226
15080636 15083064
15098484 15197845
15205459 15208465
15219648 15598331
15599332 15641821
15642822 15935198
15935466 16083333
16088925 16204814
16220534 16267038
16268039 16411491
16412492 16434942
16436096 16436254
16445564 16522151
16523152 16535797
16536222 16547069
16548070 16582849
16583861 16587295
16589111 16605383
16618744 16642398
16642482 16642814
16642932 16643092
16643292 16643358
16643816 16643924
16657680 16693069
16693327 16907392
16908393 17130852
17137804 17528783
17542524 17630389
17646268 17695055
17697127 17737739
17738740 17788674
17808117 18109895
18110896 18142777
NW_019167983.1
1 20624
21625 44644
NW_019167984.1
1 44576
NW_019167985.1
1 44384
NW_019167986.1
1 44336
NW_019167987.1
1 44224
NW_019167988.1
1 43863
NW_019167989.1
1 43605
NW_019167990.1
1 33474
35988 43584
NW_019167991.1
1 43447
NW_019167992.1
1 43334
NW_019167993.1
1 89039
90040 235576
243675 426447
445005 719610
729431 764019
765020 823826
824827 1118744
1119745 1269553
1270554 1556246
1557247 1689825
1699741 2086544
2087545 2325242
2345248 2566227
2567228 2587624
2588625 2620797
2639040 2996053
2997054 3220755
3221756 3245506
3246507 3291586
3292587 3377649
3378650 3567837
3568838 3607953
3608954 3711226
3712227 3800410
3801411 4029501
4034907 4192869
4193870 4229921
4236057 4301303
4302304 4345611
4346612 4590174
4591175 4666324
4667325 4810426
4811427 4844191
4845192 4899255
4900256 4949593
4950594 5131637
5132638 5168215
5170697 5181076
5182077 5199918
5206237 5228205
5229206 6141180
6154739 6457620
6458621 6512691
6513692 6554376
6555377 6575662
6576074 6576283
6576609 6627155
6641450 6917552
6918553 7003219
7004269 7004333
7005099 7101817
7102818 7132232
7133233 7163917
7164287 7165031
7165148 7187796
7193972 7377074
7378075 7416871
7417872 7664701
7665702 7714276
7715277 7824993
7825994 7961691
7962692 8016852
8017853 8102803
8103804 8129088
8130662 8231388
8232389 8348005
8358462 8513369
8514370 8568451
8569452 8609578
8610579 8692934
8699110 9015555
9016556 9218093
9226765 9302301
9313321 9408540
9409541 9478128
9479129 9521583
9522584 9593209
9594210 9665747
9666748 9722147
9736867 10106782
10107783 10160118
10161119 10198592
10208601 10221996
10222997 10224519
10237220 10251298
10252299 10474401
10475402 10572258
10576339 10576841
10584250 10612979
10613980 10637279
10638280 10759351
10773366 10788819
10805178 10863078
10878070 10898612
10899613 10950779
10960178 11238966
11239967 11292739
11293740 11378166
11387761 11556122
11557123 11870567
11871568 11882080
11899532 11932865
11934738 11935292
11935544 11954800
11955801 11958284
11960357 12114875
12131265 12224232
12230937 12266144
12273084 12303327
12303429 12304207
12304590 12409280
12410281 12433788
12434789 12532027
12534309 12575611
12576612 12638908
12639909 12691251
12692252 12692821
12709572 12733281
12734282 12871253
12872254 13082630
13087710 13510673
13511674 13733326
13734327 14249432
14259898 14283285
14284286 14383475
14395866 14513499
14523796 14605263
14605520 14656704
14657705 14690951
14691952 14710714
14713918 14805879
14806880 14832368
14846574 14940333
14947235 15181318
15188739 15409970
15410971 15814702
15815703 15942340
15943341 16070601
16071602 16248195
16255589 16332085
16338200 16386657
16387658 16454461
16466566 16479899
16502749 16509852
16517294 16526821
16537998 16598276
16605745 16705282
16719109 16743264
16761398 16957168
16968783 17380486
17381487 17419104
17420105 17454122
17457489 17458961
17463084 17463377
17463477 17481180
17482181 17518003
17519004 17691627
17697871 17943224
NW_019167994.1
1 42929
NW_019167995.1
1 42538
NW_019167996.1
1 14531
17273 42392
NW_019167997.1
1 42229
NW_019167998.1
1 42172
NW_019167999.1
1 42124
NW_019168000.1
1 41964
NW_019168001.1
1 41954
NW_019168002.1
1 41764
NW_019168003.1
1 41719
NW_019168004.1
1 80866
89061 241828
250864 294052
297851 398813
399814 786618
787619 886147
899511 918178
933410 1133107
1140644 1300030
1301031 1364501
1365502 1437728
1438729 1459805
1460806 1548245
1549246 1562269
1562389 1563215
1563290 1563388
1563464 1563670
1563816 1703738
1704739 1751352
1776134 1801489
1820615 1845952
1846953 1934056
1935057 1964957
1965378 1969175
1969514 1984257
1985258 2027509
2028510 2045184
2053222 2058966
2059490 2411204
2412205 2481817
2491788 2495074
2499366 2499515
2500412 2500617
2501275 2503898
2504681 2512170
2513171 2552973
2564373 2602733
2603734 2643070
2644071 2691582
2692583 2954837
2955838 3025640
3026641 3168875
3169876 3226940
3238026 3391827
3397021 3411740
3412741 3490316
3490862 3491505
3498836 3662277
3662633 3662731
3662838 3663757
3664024 3664073
3664168 3664822
3665065 3665141
3665918 3665967
3666043 3666229
3666462 3666567
3667207 3667372
3667594 3667810
3668517 3668630
3669536 3669981
3670155 3670280
3670598 3729106
3730107 3769391
3770392 3885842
3886132 4114425
4127197 4332219
4333220 4355849
4356850 4384608
4385609 4478429
4482459 5031460
5032461 5050388
5050746 5261422
5275208 5288023
5289024 5303733
5304057 5420014
5429256 5447523
5448524 5472339
5473340 5536977
5537978 5643174
5644175 5697935
5698936 5754390
5763277 5789880
5790881 5837646
5838647 5880368
5881369 5963117
5964118 6059593
6060594 6202224
6212614 6745984
6758278 6848059
6850828 6990587
7007386 7304630
7312630 7365677
7366678 7400937
7401938 7422245
7423246 7585721
7585869 7586230
7586363 7674745
7674872 7675580
7675733 7738931
7739932 8003901
8004902 8056316
8057317 8081684
8082685 8203747
8204748 8346015
8353018 8353215
8354216 8357047
8360920 8441595
8442596 8487210
8488211 8542425
8543426 8564719
8565720 8661475
8662476 8786495
8795269 8860839
8861840 9402031
9403032 9745227
9746228 9877792
9894746 10096510
10097511 10151573
10152574 10248466
10249467 10354729
10355730 10421610
10422611 10456487
10457488 10509726
10510727 10533317
10534318 10605070
10606071 10634694
10635695 10762551
10763552 10800678
10801679 10906289
10907290 11011321
11016025 11113645
11114646 11165567
11166568 11529715
11530716 11557689
11558690 11642553
11643554 12032939
12035725 12358524
12359525 12363008
12368885 12396940
12397941 12603256
12604257 12633778
12634779 12810443
12811444 12844016
12847541 12875997
12886452 12957826
12958827 13127535
13128536 13159194
13160195 13172641
13173170 13233298
13234299 13287370
13288371 13336016
13337017 13346631
13365530 13458595
13459596 13487705
13502447 13510901
13511902 13543987
13544988 13741499
13747473 13777799
13794769 14143424
14144425 14245180
14246181 14323387
14324388 14492675
14493676 14891568
14892569 14948522
14949523 14976707
14977708 15002464
15003465 15695028
15707518 15977063
15978064 15998234
15999235 16099665
NW_019168005.1
1 41643
NW_019168006.1
1 41447
NW_019168007.1
1 26235
26310 26456
26572 26654
26729 26888
26969 27973
28046 28111
28704 28821
29075 29215
29305 29356
29432 29925
30031 30099
30673 41439
NW_019168008.1
1 41214
NW_019168009.1
1 17796
22201 41062
NW_019168010.1
1 770
12829 41048
NW_019168011.1
1 41047
NW_019168012.1
1 40985
NW_019168013.1
1 40984
NW_019168014.1
1 40958
NW_019168015.1
1 76255
77256 104204
105205 129577
130578 206649
207650 231587
232588 278464
279465 352684
353685 443724
444725 481158
482159 511655
512656 577301
578302 612092
613093 645277
646278 697178
698179 722414
723415 745692
746693 799610
800611 840945
841946 897635
898636 937814
938815 1001499
1002500 1093623
1094624 1120268
1121269 1168639
1169640 1193962
1194963 1240098
1241099 1264731
1265732 1286074
1287075 1330735
1331736 1354038
1355039 1396295
1397296 1432447
1433448 1513565
1514566 1551874
1562593 1595619
1596620 1623917
1624918 1659295
1660296 1681140
1682141 1724639
1725640 1747445
1748446 1800817
1801818 1823896
1824897 1854371
1855372 1911980
1912981 1958072
1959073 1988467
1989468 2015775
2016776 2039598
2039723 2039972
2040422 2040504
2042548 2050736
2051737 2086154
2087155 2129012
2130013 2174136
2175137 2199084
2200085 2224566
2225567 2253038
2254039 2280325
2281326 2301199
2302200 2378333
2379334 2414648
2415649 2439945
2440946 2466052
2467053 2496745
2497746 2529581
2530582 2626941
2627942 2689517
2690518 2758403
2759404 2797580
2798581 2832777
2833778 2915861
2916862 2934565
2935566 3149435
3150436 3221345
3222346 3336188
3337189 3512527
3513528 3549558
3550559 3622087
3623776 3644231
3652901 4017465
4018466 4117587
4118588 4210145
4210345 4210707
4212709 4212774
4215416 4215603
4215683 4215802
4217484 4217606
4218353 4393838
4394839 4420648
4421649 4491525
4492526 4553182
4554183 4563135
4574353 4649547
4650548 4786525
4800020 4890195
4891196 5269025
5270026 5305781
5306782 5390396
5391397 5676607
5691475 5769473
5780979 5808027
5810974 5911443
5912444 5974834
5975835 6005937
6023695 6036303
6037304 6187887
6188888 6344989
6345990 6529629
6530630 6555040
6556041 6705863
6707014 6729644
6730645 6763180
6764181 6842641
6843642 6941557
6950534 7028276
7047087 7262105
7267811 7317526
7318527 7371659
7372660 7444444
7445445 7507377
7508378 7545596
7546597 7568676
7569677 7719834
7720835 7893216
7904897 7969877
7984425 8187872
8190443 8192696
8199187 8199295
8209842 8290724
8291725 8445723
8459403 8622110
8622514 8635671
8636672 8738776
8754801 9030356
9031357 9143843
9144844 9182874
9183875 9333837
9334838 9643921
9656766 9920900
9921901 10020987
10032760 10172170
10173500 10324614
10336077 11319512
11343717 11462276
11483792 11740016
11750278 11947757
11948758 12249100
12254358 12307946
12315735 12524087
12525088 12855497
12856498 12877841
12896843 12916812
12917813 13062646
13073807 13138004
13139005 13164683
13169742 13169919
13173493 13650999
13652000 14322246
14345600 14455675
14472188 14678924
14685559 14838425
14839426 15060208
15061209 15105056
15106057 15106997
15107160 15107299
15107509 15230256
15231257 15240443
15240528 15240941
15248814 15675301
NW_019168016.1
1 40915
NW_019168017.1
1 40655
NW_019168018.1
1 40579
NW_019168019.1
1 40397
NW_019168020.1
1 40382
NW_019168021.1
1 40375
NW_019168022.1
1 40149
NW_019168023.1
1 40001
NW_019168024.1
1 39910
NW_019168025.1
1 39404
NW_019168026.1
1 859651
860652 1665512
1666513 1806181
1807182 1871098
1877170 2083949
2084950 2110308
2111309 2417101
2418102 2788281
2789282 2996179
2997180 3029475
3030476 3072074
3073075 3093548
3094549 3281014
3283754 3322381
3324753 3571211
3572212 3661522
3662523 3782781
3787882 4115150
4116151 4138891
4139892 4163238
4164239 4171319
4172140 4172561
4172649 4172792
4173364 4173466
4173645 4173706
4174079 4174146
4174415 4174503
4174782 4174962
4176971 4177203
4177337 4177391
4179128 4179759
4179830 4179957
4180780 4180833
4182311 4182857
4183778 4183838
4185426 4235929
4236078 4236158
4236435 4236848
4237404 4237605
4238127 4238676
4238875 4239745
4239955 4240178
4240944 4243286
4243745 4618543
4619544 4639700
4640701 4708237
4709238 4765215
4773315 4859250
4860251 5527206
5542252 5580020
5584578 5644227
5657902 5714377
5717509 5843315
5854532 6043639
6054941 6068985
6078023 6431953
6432559 6663180
6670386 7195742
7196743 7229749
7230750 7387420
7388421 7415357
7416358 7573132
7574133 7601874
7602875 7734244
7741450 8108122
8120398 8196664
8197665 8360556
8363225 8368082
8369083 8490961
8491962 8513870
8514871 8515947
8528783 8926753
8927754 9196918
9197919 9502897
9503898 9673728
9674729 9707129
9708130 9735892
9736893 9823061
9824062 9846424
9847425 9922635
9923636 9945456
9946457 10050057
10051058 10172603
10181025 10217778
10218779 10290084
10291085 10338158
10339159 10417625
10418626 10440879
10441880 10603970
10609639 10622106
10623107 10700755
10701756 10727826
10733320 10788810
10789811 10803681
10804676 10832037
10834447 10849678
10850679 10889359
10890360 11244621
11260105 11293142
11294143 11562312
11563313 11571649
11572165 11572215
11572474 11598763
11599764 11646189
11647190 11685269
11686270 11722919
11723920 11806196
11807197 11813065
11819758 11847663
11851925 11851986
11852987 11954756
11955757 12069798
12070799 12116710
12117711 12146325
12147326 12405447
12406448 12485326
12486327 12589242
12590243 12696680
12697681 12770290
12771291 12840058
12841059 12899391
12900392 12969206
12970207 13034313
13035314 13103166
13104167 13154460
13155461 13249303
13250304 13346004
13353580 13389416
13390417 13435459
13436460 13464930
13465931 13500308
13501309 13542805
13543806 13579349
13580350 13679620
13680621 13713624
13714625 13759869
13760870 13819458
13820459 13880333
13881334 13913976
13914471 13924386
13925387 13955834
13956835 13994175
13995176 14257618
14258619 14556059
14574861 15016735
15017736 15123006
15124866 15124924
15124997 15204082
15205083 15261819
15262820 15350824
15352338 15435897
15436898 15466008
15466645 15482011
15483012 15507587
NW_019168027.1
1 39219
NW_019168028.1
1 39093
NW_019168029.1
1 39010
NW_019168030.1
1 38961
NW_019168031.1
1 38925
NW_019168032.1
1 38852
NW_019168033.1
1 38845
NW_019168034.1
1 38833
NW_019168035.1
1 38757
NW_019168036.1
1 38659
NW_019168037.1
1 33531
34532 184423
200341 1233673
1247810 1353674
1363535 1826846
1827847 2107540
2108541 2138973
2139974 2184556
2185557 2230778
2238818 2467589
2481698 2708428
2719584 2969703
2979594 2983362
2994947 3053940
3061107 3496707
3497708 3507776
3522870 3596857
3598955 3852751
3853752 3858607
3868312 4301670
4311949 5294991
5305950 5579575
5580300 5698595
5705230 5977085
5977261 5977907
5978027 6117326
6118327 6350206
6351207 6397225
6403922 6436494
6436582 6436808
6437882 6514024
6527073 6639807
6640808 6749329
6755449 6966985
6976526 7466202
7467203 7581326
7581428 7592928
7593929 7745674
7746675 8233262
8234263 8263969
8264970 8366524
8367525 8413579
8414580 8482839
8483840 8578177
8579178 8762482
8782357 8881981
8882982 8903425
8904426 8960583
8968318 9249287
9253905 9385900
9393898 9566308
9575439 9735676
9736677 9758166
9759167 9789570
9793456 9814700
9821679 9862860
9875235 9883257
9884258 9924736
9938860 10016763
10017764 10165906
10166907 10208839
10209840 10235373
10236374 10474365
10482788 10529569
10530570 10571103
10572104 10604938
10605939 10757537
10758538 10833640
10838883 10851594
10852595 10959615
10972292 11034687
11035688 11105872
11106873 11190902
11191903 11255667
11256668 11435162
11436163 11660030
11661031 11691357
11692358 11715766
11725548 11725625
11728657 11728780
11728975 11729086
11730048 11769991
11781629 11832294
11844555 12067053
12074046 12088351
12102846 12114208
12116537 12265219
12266220 12571185
12581114 12983225
12984226 13332245
13333246 13401788
13402789 13428760
13429761 13552664
13552932 13553039
13553148 13553206
13553276 13627298
13628299 13631772
13643967 13697713
13698714 13825150
13837014 13895935
13907976 14060586
14072960 14205531
14214620 14310610
14311611 14313602
NW_019168038.1
1 38551
NW_019168039.1
1 38386
NW_019168040.1
1 38372
NW_019168041.1
1 38274
NW_019168042.1
1 37975
NW_019168043.1
1 37850
NW_019168044.1
1 37669
NW_019168045.1
1 37297
NW_019168046.1
1 37270
NW_019168047.1
1 37135
NW_019168048.1
1 143926
144927 264273
265274 1126118
1127119 1155823
1156824 1867053
1868054 1931038
1932039 1961238
1962239 2509993
2510994 2566243
2567244 3005980
3006190 3007281
3007391 3008021
3008107 3012817
3013818 3056399
3057400 3377740
3378741 3635026
3636027 3913529
3914530 4447814
4448815 4468887
4469888 4616835
4617836 4785526
4786527 4807230
4808231 4829404
4830405 5045156
5046157 6369689
6370690 6403781
6404782 6741280
6742281 7202253
7203254 7224684
7225685 7247757
7248758 7435534
7436535 7465224
7466225 7633483
7634484 7754468
7755469 7884753
7885754 8495504
8496505 8641099
8642100 8703081
8704082 8780768
8781769 9927946
9928947 10054296
10055297 10929399
10930400 10963108
10964109 11040789
11041790 11120571
11121572 11153825
11154826 11216050
11217051 11324048
11325049 11405254
11406255 11474592
11475593 11513261
11514262 11619777
11620778 11679815
11680816 11784624
11785625 11835246
11836247 11994050
11995051 12160965
12161966 12228587
12229588 12254836
12255837 12289169
12290170 12311889
12312890 12373345
12374346 12526894
12527895 12572084
12573085 12628619
12629620 12698658
12699659 12760511
12761512 12851002
12852003 12964124
12965125 13145022
13146023 13205987
13206988 13266819
13267820 13339637
13340638 13560105
13561106 13616997
13617998 13789531
13790532 13970870
13971871 14002354
14003355 14146815
14147816 14339804
14340805 14476957
14477958 14537741
14538742 14695202
14696203 14772469
14773470 14807188
14808189 14984409
14985410 15089195
15090196 15153107
15154108 15256030
15257031 15347792
15348793 15410570
15411571 15536042
15537043 15801619
15802620 15918472
15919473 15952733
15953734 15999466
16000467 16096305
16097306 16269306
16270307 16301461
16302462 16451909
16452910 16503126
16504127 16533730
16534731 16649902
16650903 16986046
16987047 17037453
17038454 17283794
17284795 17397730
17398731 17427296
17428297 17457378
17458379 17513096
17514097 18537519
18538520 18732383
18733384 19315658
19316659 19940676
19941677 20175096
20175392 20453476
20454477 20496618
20496719 22767301
22768302 22814142
22815143 24348467
24349468 24381906
24382907 24995269
24996270 25488004
25489005 25527473
25528474 26385688
26386689 26695772
26696773 28348868
28349869 28374068
28375069 28564615
28565616 29257440
29258441 29281671
29282672 29534547
29535548 30370225
30371226 30763478
30764479 30794096
30795097 31162006
31163007 32143271
32144272 32587698
32588699 32815412
32816413 32960519
32960614 32960842
32962109 32974379
32975280 32975399
32975727 32988716
32989717 33015661
33016662 33067270
33068271 33208153
33209154 33244734
33245735 33276047
NW_019168049.1
1 37499
38500 78363
79364 320301
321302 543549
552655 949389
962717 1362923
1367414 1367507
1371064 1372639
1386376 1540958
1541959 1574694
1575695 1603551
1604552 1649765
1655461 1824432
1839871 2032432
2035872 2174736
2181411 2286983
2287984 2320414
2321415 2357642
2358643 2424351
2425352 2580477
2581478 2616545
2617546 2650896
2651897 2750693
2757228 2819862
2820863 2845868
2846869 2991765
2991840 2992004
2992467 2992722
2992992 2993102
2993325 2993454
2993528 2993688
2994063 2994142
2994312 2994361
2994890 2994953
2995086 2995311
2995472 2995530
2996582 2996926
2998105 2998284
2998556 2998625
2998943 2999088
3000783 3001074
3001215 3001297
3003866 3004042
3004183 3004701
3004794 3004981
3005058 3005812
3005904 3076519
3076790 3282892
3283228 3447921
3456691 3697977
3709207 3710468
3711469 3946555
3955386 4033361
4045689 4101905
4102906 4152787
4164182 4174808
4175809 4214102
4222901 4467960
4468961 4558251
4572273 4650070
4651071 4755922
4756923 4882639
4890423 5079499
5080500 5206367
5207368 5237799
5260001 5395265
5406598 5460708
5461709 5628547
5638933 5775896
5786976 5932341
5933342 6163040
6173694 6236355
6249768 6513139
6514140 6560974
6561975 6623054
6624055 6658358
6665649 6795417
6796418 6894975
6895976 7091197
7092198 7343526
7344527 7364718
7365719 7405534
7406535 7594249
7600219 7602418
7603419 7875015
7875828 7876113
7876317 7887818
7888819 7893718
7894293 7895606
7895693 7896332
7896423 8045418
8046419 8072934
8073935 8356884
8357885 8438286
8439287 8499696
8511877 9123968
9132954 9392913
9393914 9458618
9471963 9625568
9626569 10339752
10340753 11139374
11142872 11202444
NW_019168050.1
1 37071
NW_019168051.1
1 37020
NW_019168052.1
1 36914
NW_019168053.1
1 36870
NW_019168054.1
1 36764
NW_019168055.1
1 36703
NW_019168056.1
1 36646
NW_019168057.1
1 36431
NW_019168058.1
1 36307
NW_019168059.1
1 36282
NW_019168060.1
1 130471
131472 232983
233984 257378
258379 362547
363548 451566
452567 474243
475244 502001
503002 585996
586997 632299
633300 666135
667136 687518
688519 734123
735124 802249
803250 845463
NW_019168061.1
1 36228
NW_019168062.1
1 35950
NW_019168063.1
1 35918
NW_019168064.1
1 35916
NW_019168065.1
1 35663
NW_019168066.1
1 35548
NW_019168067.1
1 35514
NW_019168068.1
1 35367
NW_019168069.1
1 35298
NW_019168070.1
1 35154
NW_019168071.1
1 160162
161163 200658
201208 201270
201492 201581
201686 201748
201824 201960
202143 202395
202554 202622
203047 203188
203318 203437
204332 204405
205100 205179
205962 206811
207082 207304
207500 626822
627327 761692
NW_019168072.1
1 35058
NW_019168073.1
1 35011
NW_019168074.1
1 34810
NW_019168075.1
1 34721
NW_019168076.1
1 34606
NW_019168077.1
1 34568
NW_019168078.1
1 34521
NW_019168079.1
1 34426
NW_019168080.1
1 34399
NW_019168081.1
1 34391
NW_019168082.1
1 144678
155592 261242
262243 286232
287233 350425
351426 578861
581967 671528
NW_019168083.1
1 34321
NW_019168084.1
1 34294
NW_019168085.1
1 34227
NW_019168086.1
1 34188
NW_019168087.1
1 34073
NW_019168088.1
1 34053
NW_019168089.1
1 34038
NW_019168090.1
1 33931
NW_019168091.1
1 33812
NW_019168092.1
1 33747
NW_019168093.1
1 121321
122322 229732
230733 430286
431287 448369
452297 481813
482814 532561
533562 596061
NW_019168094.1
1 33156
NW_019168095.1
1 33083
NW_019168096.1
1 33055
NW_019168097.1
1 32981
NW_019168098.1
1 32976
NW_019168099.1
1 32804
NW_019168100.1
1 2012
26870 32569
NW_019168101.1
1 18748
25417 32531
NW_019168102.1
1 18987
27212 32450
NW_019168103.1
1 32276
NW_019168104.1
1 23742
24743 74421
75422 134043
135044 201903
202904 345384
346385 399431
400432 440336
441337 465013
NW_019168105.1
1 32173
NW_019168106.1
1 32033
NW_019168107.1
1 32023
NW_019168108.1
1 31986
NW_019168109.1
1 31981
NW_019168110.1
1 31963
NW_019168111.1
1 31917
NW_019168112.1
1 31808
NW_019168113.1
24583 26084
30761 31741
NW_019168114.1
1 31710
NW_019168115.1
1 245656
246657 443530
NW_019168116.1
1 31511
NW_019168117.1
1 31443
NW_019168118.1
1 31379
NW_019168119.1
1 31355
NW_019168120.1
1 16873
29666 31173
NW_019168121.1
1 30763
NW_019168122.1
1 30758
NW_019168123.1
1 30707
NW_019168124.1
1 30656
NW_019168125.1
1 30605
NW_019168126.1
1 32596
33597 179646
180647 336959
337960 366450
367451 424845
NW_019168127.1
1 30524
NW_019168128.1
1 30509
NW_019168129.1
1 30473
NW_019168130.1
1 30380
NW_019168131.1
1 30340
NW_019168132.1
1 30256
NW_019168133.1
1 30156
NW_019168134.1
1 30079
NW_019168135.1
1 30016
NW_019168136.1
1 29959
NW_019168137.1
1 82179
83180 85001
86108 174085
196350 292573
293574 382840
NW_019168138.1
1 29892
NW_019168139.1
1 29828
NW_019168140.1
1 29819
NW_019168141.1
1 29748
NW_019168142.1
1 29638
NW_019168143.1
1 29562
NW_019168144.1
1 29528
NW_019168145.1
1 29461
NW_019168146.1
1 29457
NW_019168147.1
1 29382
NW_019168148.1
1 30671
31672 109911
110912 321909
NW_019168149.1
1 29296
NW_019168150.1
1 29294
NW_019168151.1
1 29208
NW_019168152.1
1 16164
22626 29191
NW_019168153.1
1 29123
NW_019168154.1
1 29090
NW_019168155.1
1 29033
NW_019168156.1
1 29030
NW_019168157.1
1 28964
NW_019168158.1
1 28892
NW_019168159.1
1 1321651
1322652 1362488
1363489 2780761
2781762 2848818
2849819 2883592
2884593 2943888
2944889 3144102
3145103 3495624
3496625 3646279
3646531 3647122
3647422 4202747
4203748 5095017
5096018 5150913
5151914 5376938
5377376 5377497
5377563 5377623
5377744 5378248
5378438 5378642
5378810 5860260
5860438 5860735
5861050 6079218
6080219 6532479
6533480 6720125
6721126 7155831
7156832 7579934
7580935 7658808
7659809 8165402
8166403 8250077
8251078 8697562
8698563 9061295
9062296 9270043
9271642 10557811
10558812 10656400
10657401 12576581
12577582 12917511
12918013 12918109
12918378 14936471
14937472 15171045
15172046 15173609
15173702 15173899
15174428 15174480
15175311 15317720
15318721 15355575
15356576 15461428
15462429 15532437
15533438 15655845
15656846 15752505
15753786 15753882
15754002 15754199
15754268 15754575
15754651 15754848
15754939 15754998
15755141 15755191
15755292 15755391
15756737 15878291
15879292 15938974
15939975 16104975
16105976 16179523
16180524 16466812
16467813 16546670
16547671 16589768
16590769 16685605
16686606 16874123
16875124 16876653
16877012 20401630
20402631 20427917
20428918 20694300
20695301 20813012
20814013 21377128
21378129 21643098
21644099 21903979
21904980 22026075
22027076 22570160
22571161 23580585
23581586 24105359
24106360 25173298
25174299 25203584
25204585 25372421
25373422 25652627
25653628 26069984
26070985 26152620
26153621 26178901
26179902 27658105
27659106 28104046
28105047 28127989
28128990 30114620
30115644 30125898
30126899 30148346
30149347 30329910
30331112 31043813
31043977 31044217
31044326 31788331
31789332 32581273
32585510 33012953
NW_019168160.1
1 24878
25879 60531
61532 123441
124442 195701
196702 315255
NW_019168161.1
1 28887
NW_019168162.1
1 28672
NW_019168163.1
1 15792
19858 28634
NW_019168164.1
1 28624
NW_019168165.1
1 28497
NW_019168166.1
1 28468
NW_019168167.1
1 28391
NW_019168168.1
1 28332
NW_019168169.1
1 10369
28095 28205
NW_019168170.1
1 28152
NW_019168171.1
1 255648
NW_019168172.1
1 28051
NW_019168173.1
1 27972
NW_019168174.1
1 27923
NW_019168175.1
1 27893
NW_019168176.1
1 27878
NW_019168177.1
1 27874
NW_019168178.1
1 27856
NW_019168179.1
1 27825
NW_019168180.1
1 27751
NW_019168181.1
1 27690
NW_019168182.1
1 34567
35568 172394
174337 224887
225888 251127
NW_019168183.1
1 27497
NW_019168184.1
1 27460
NW_019168185.1
1 27437
NW_019168186.1
1 788
12566 16879
NW_019168187.1
1 27361
NW_019168188.1
1 27308
NW_019168189.1
1 27238
NW_019168190.1
1 27173
NW_019168191.1
1 27148
NW_019168192.1
1 27118
NW_019168193.1
1 205561
206562 234249
NW_019168194.1
1 27110
NW_019168195.1
1 27090
NW_019168196.1
1 27056
NW_019168197.1
1 27032
NW_019168198.1
1 26978
NW_019168199.1
1 26972
NW_019168200.1
1 26926
NW_019168201.1
1 26890
NW_019168202.1
1 26870
NW_019168203.1
1 26814
NW_019168204.1
1 23418
24419 57653
58654 187730
188731 231180
NW_019168205.1
1 26811
NW_019168206.1
1 26768
NW_019168207.1
1 26740
NW_019168208.1
1 26725
NW_019168209.1
1 26713
NW_019168210.1
1 26643
NW_019168211.1
1 26573
NW_019168212.1
1 26564
NW_019168213.1
1 26556
NW_019168214.1
1 26528
NW_019168215.1
1 69545
70546 205015
NW_019168216.1
1 26496
NW_019168217.1
1 26447
NW_019168218.1
1 2916
4248 26320
NW_019168219.1
1 26314
NW_019168220.1
1 26308
NW_019168221.1
1 26277
NW_019168222.1
1 26151
NW_019168223.1
1 26145
NW_019168224.1
1 26143
NW_019168225.1
1 26113
NW_019168226.1
1 198541
NW_019168227.1
1 26103
NW_019168228.1
1 26068
NW_019168229.1
1 26063
NW_019168230.1
1 26059
NW_019168231.1
1 26043
NW_019168232.1
1 25980
NW_019168233.1
1 25836
NW_019168234.1
1 25834
NW_019168235.1
1 25816
NW_019168236.1
1 25748
NW_019168237.1
1 187289
NW_019168238.1
1 25716
NW_019168239.1
1 25715
NW_019168240.1
1 25713
NW_019168241.1
1 25706
NW_019168242.1
1 25695
NW_019168243.1
1 25656
NW_019168244.1
1 25641
NW_019168245.1
1 25537
NW_019168246.1
1 25518
NW_019168247.1
1 25501
NW_019168248.1
1 180737
NW_019168249.1
1 25492
NW_019168250.1
1 25357
NW_019168251.1
1 25344
NW_019168252.1
1 25333
NW_019168253.1
1 25331
NW_019168254.1
1 25306
NW_019168255.1
1 25252
NW_019168256.1
1 25241
NW_019168257.1
1 25197
NW_019168258.1
1 25140
NW_019168259.1
1 153833
154306 154394
154485 171922
NW_019168260.1
1 25110
NW_019168261.1
1 25043
NW_019168262.1
1 25042
NW_019168263.1
1 24985
NW_019168264.1
1 24981
NW_019168265.1
1 24979
NW_019168266.1
1 24935
NW_019168267.1
1 24922
NW_019168268.1
1 24860
NW_019168269.1
1 16635
19072 24830
NW_019168270.1
1 269955
270956 320505
321506 342742
343743 1523232
1524233 1715778
1716779 1742248
1743249 1853561
1854562 2008595
2009596 2056425
2057426 2156772
2157773 2293288
2294289 2416822
2417823 2657773
2658774 2682843
2683844 2717736
2718737 2829528
2830529 3093728
3094729 4605140
4606141 4627508
4628509 4686336
4687337 4751657
4752400 4954858
4955859 5038459
5039460 5073659
5074660 5103745
5104746 5127558
5128559 5417000
5418001 5759675
5760098 5939428
5940429 6000111
6001112 6140372
6140954 6778654
6779655 6927516
6928517 7158535
7159536 7258540
7259541 7317481
7318482 7625005
7626006 7690913
7692687 7700828
7701829 7799753
7800754 7861082
7862083 7985001
7986002 8017563
8018564 8069384
8070385 8679724
8680725 9203535
9203811 9481631
9482632 9553264
9554265 9610464
9611465 9787282
9788283 9854853
9855854 9941093
9942094 10193055
10194056 10216973
10217974 10261143
10262144 10356877
10357878 10400353
10401354 10439159
10440160 10489585
10490586 10512033
10513034 10535410
10536411 10732873
10733874 10801386
10802387 10967097
10968098 10996345
10998599 11130439
11131440 11198553
11199554 11258770
11259771 11349751
11350752 11411995
11412996 11474443
11475444 11670374
11671375 13354372
13355373 13461351
13462352 13490631
13491632 13532664
13533665 13585465
13586466 13922996
13923997 13950487
13951488 13985532
13986533 14510342
14511343 14592549
14593550 14908813
14909814 14984808
14985809 15050172
15050502 15050567
15051498 15051578
15051692 15110352
15111353 15111615
15115540 15186058
15187059 15237558
15238559 15279061
15280062 15366664
15367665 15387783
15388784 15420360
15421361 15444159
15445160 15729383
15730384 16619700
16620701 18280025
18281026 18880335
18881336 18975188
18976189 19554174
19555175 19630594
19631595 19801589
19802590 20046664
20047665 20306739
20308507 20533990
20534991 20878485
20879486 21552718
21553719 21909262
21910263 22411509
22412176 22415986
22416987 22444887
22445888 22614899
22615900 22652355
22653356 22689994
22690995 22718368
22719369 22774753
22775754 22799736
22800737 23122093
23123094 23161340
23162341 24018641
24019642 24043458
24044459 24406637
24407638 24480330
24481331 24818791
24819792 24858880
24859881 25031721
25032722 25127036
25128037 25302740
25303741 26053307
26054308 26076216
26077217 26926224
26927225 27002807
27003808 27617912
27618913 27778656
27779657 27802247
NW_019168271.1
1 122159
123160 165179
NW_019168272.1
1 24815
NW_019168273.1
1 24765
NW_019168274.1
1 24714
NW_019168275.1
1 24670
NW_019168276.1
1 24654
NW_019168277.1
1 24618
NW_019168278.1
1 24590
NW_019168279.1
1 24581
NW_019168280.1
1 24574
NW_019168281.1
1 24566
NW_019168282.1
1 96082
97083 160351
NW_019168283.1
1 24546
NW_019168284.1
1 24517
NW_019168285.1
1 24460
NW_019168286.1
1 24422
NW_019168287.1
1 24349
NW_019168288.1
1 24345
NW_019168289.1
1 24337
NW_019168290.1
1 24233
NW_019168291.1
1 24209
NW_019168292.1
1 24184
NW_019168293.1
1 119766
120192 120528
120962 121018
121088 121693
123038 123976
124303 124355
124619 125073
125426 159655
NW_019168294.1
1 24001
NW_019168295.1
1 23997
NW_019168296.1
1 23991
NW_019168297.1
1 23941
NW_019168298.1
1 23940
NW_019168299.1
1 23928
NW_019168300.1
1 23913
NW_019168301.1
1 23911
NW_019168302.1
1 23888
NW_019168303.1
1 23879
NW_019168304.1
1 157624
NW_019168305.1
1 23862
NW_019168306.1
1 23842
NW_019168307.1
1 23836
NW_019168308.1
1 23818
NW_019168309.1
1 23720
NW_019168310.1
1 23719
NW_019168311.1
1 23692
NW_019168312.1
1 23659
NW_019168313.1
1 23656
NW_019168314.1
1 23625
NW_019168315.1
1 150814
NW_019168316.1
1 23611
NW_019168317.1
1 23606
NW_019168318.1
1 23577
NW_019168319.1
1 23575
NW_019168320.1
1 23571
NW_019168321.1
1 23492
NW_019168322.1
1 23462
NW_019168323.1
1 23359
NW_019168324.1
1 23240
NW_019168325.1
1 23214
NW_019168326.1
1 150338
NW_019168327.1
1 23206
NW_019168328.1
1 23166
NW_019168329.1
1 23155
NW_019168330.1
1 23131
NW_019168331.1
1 23081
NW_019168332.1
1 18814
19083 19420
20585 20674
20825 23074
NW_019168333.1
1 22996
NW_019168334.1
1 22989
NW_019168335.1
1 22977
NW_019168336.1
1 22970
NW_019168337.1
1 149304
NW_019168338.1
1 22953
NW_019168339.1
1 22953
NW_019168340.1
1 22952
NW_019168341.1
1 22876
NW_019168342.1
1 22873
NW_019168343.1
1 22836
NW_019168344.1
1 22809
NW_019168345.1
1 22804
NW_019168346.1
1 22778
NW_019168347.1
1 22773
NW_019168348.1
1 144347
NW_019168349.1
1 22700
NW_019168350.1
1 22697
NW_019168351.1
1 22689
NW_019168352.1
1 22678
NW_019168353.1
1 22650
NW_019168354.1
1 22600
NW_019168355.1
1 22581
NW_019168356.1
1 22578
NW_019168357.1
1 22529
NW_019168358.1
1 22515
NW_019168359.1
1 28265
30940 80236
81237 144159
NW_019168360.1
1 22510
NW_019168361.1
1 22483
NW_019168362.1
1 22435
NW_019168363.1
1 22377
NW_019168364.1
1 22302
NW_019168365.1
1 22273
NW_019168366.1
1 22256
NW_019168367.1
1 22157
NW_019168368.1
1 22151
NW_019168369.1
1 22129
NW_019168370.1
1 143476
NW_019168371.1
1 22090
NW_019168372.1
2313 22080
NW_019168373.1
1 22005
NW_019168374.1
1 9789
10788 21989
NW_019168375.1
1 21985
NW_019168376.1
1 21937
NW_019168377.1
1 21931
NW_019168378.1
1 21926
NW_019168379.1
1 21868
NW_019168380.1
1 21853
NW_019168381.1
1 2732
66912 71062
1201057 1201360
1201588 1201651
1201849 1201969
1202077 1202262
1202329 1202849
1217542 1224926
1225927 1226377
1971499 1971590
2337603 2338029
2480815 2481690
2530332 2530738
2828894 2837771
2839734 2852235
3032323 3032526
3230880 3235847
3256078 3261112
3262113 3276233
3794973 3795194
3990721 3990946
4093868 4094311
4103093 4104587
4501141 4501740
4523828 4524778
4963046 4968388
4970334 4972529
5127366 5127499
5145858 5146164
5172231 5172708
5381823 5381974
5557143 5557555
5832960 5833119
6533827 6534079
6859149 6861692
6873856 6874957
6979284 6980094
7118108 7119098
7315937 7334199
7432292 7432724
7493590 7494038
7841083 7847316
7910099 7910284
7934951 7952041
8007918 8008054
8366670 8367059
8388550 8388729
9319857 9320049
9485875 9513949
9977157 9977375
10126913 10127400
10136916 10137987
10240214 10240717
10245097 10245510
10500754 10500864
11112559 11115419
11165747 11188764
11189765 11193411
11193533 11194035
11194532 11194624
11213211 11243102
11260602 11266599
11266978 11267611
11268042 11268223
11270258 11270348
11270681 11270753
11271004 11279584
11291324 11293731
11301218 11308568
11362445 11383996
11421440 11421571
12113004 12116755
12409884 12412345
12426282 12437630
12536392 12544398
12585634 12586101
12634578 12649796
12674869 12677627
12699970 12700381
12820982 12822151
13102838 13103079
13436516 13436696
13653181 13654550
13781516 13782587
14235315 14235435
14325560 14330508
14736936 14737300
15229715 15229853
15284212 15285337
15678592 15678829
15680910 15681378
15761791 15772762
15786091 15792360
15811469 15812145
15813146 15813257
15937474 15938871
15939872 15949259
16024125 16026550
16204498 16204875
16268537 16334592
16335593 16338602
16516407 16543469
16551307 16551736
16884872 16886712
16950831 16956684
16981720 16987370
17135769 17163559
17165822 17165935
17228003 17228173
17989566 17990022
18174688 18182547
19825754 19828586
20227663 20230107
20324306 20327056
20506313 20508288
20509289 20527046
20535441 20535635
20594326 20610960
20624374 20626927
20632444 20632715
20653112 20654113
20787123 20788889
20789798 20791892
20942218 20942299
21018637 21018827
21166377 21166519
21275864 21281553
21412138 21412540
21425567 21425753
21642206 21642745
22160278 22161396
22183207 22184197
22353945 22354433
22447483 22450595
22544626 22589852
22629544 22630053
22826315 22826748
23092981 23096682
23097056 23097295
23097552 23097623
23291214 23293462
23413925 23420453
23711370 23711593
23821213 23828623
23884145 23889845
23899204 23899258
23949260 23949373
24215578 24239700
24258777 24263922
24270768 24275353
24321581 24321729
24568237 24569297
24571631 24576929
24750057 24750721
25012288 25012870
25151736 25152012
25255515 25255819
25476446 25476947
25515742 25521833
25675100 25675229
25831493 25831653
26000555 26000818
26289063 26291048
26294092 26294676
NW_019168382.1
1 143073
NW_019168383.1
1 21833
NW_019168384.1
1 21776
NW_019168385.1
1 21714
NW_019168386.1
1 21702
NW_019168387.1
1 21691
NW_019168388.1
1 21674
NW_019168389.1
1 21667
NW_019168390.1
1 21652
NW_019168391.1
1 21627
NW_019168392.1
1 21625
NW_019168393.1
1 2727
4037 4135
4957 5436
5582 8985
22270 37802
46155 94220
102695 131137
131570 131650
131718 132093
132237 132670
132828 132988
133135 142147
NW_019168394.1
1 21604
NW_019168395.1
1 21588
NW_019168396.1
1 21542
NW_019168397.1
1 21510
NW_019168398.1
1 21495
NW_019168399.1
1 21481
NW_019168400.1
1 21457
NW_019168401.1
1 21441
NW_019168402.1
1 21422
NW_019168403.1
1 21421
NW_019168404.1
1 8127
14360 141830
NW_019168405.1
1 21420
NW_019168406.1
1 21409
NW_019168407.1
1 21384
NW_019168408.1
1 21366
NW_019168409.1
1 21362
NW_019168410.1
1 21298
NW_019168411.1
1 21287
NW_019168412.1
1 21242
NW_019168413.1
1 21223
NW_019168414.1
1 21163
NW_019168415.1
1 26435
27436 139765
NW_019168416.1
1 21051
NW_019168417.1
1 21047
NW_019168418.1
1 21042
NW_019168419.1
1 20998
NW_019168420.1
1 20997
NW_019168421.1
1 20959
NW_019168422.1
1 20948
NW_019168423.1
1 20944
NW_019168424.1
1 20934
NW_019168425.1
1 20930
NW_019168426.1
1 68138
68270 68332
68503 68635
68848 68979
69269 138588
NW_019168427.1
1 20929
NW_019168428.1
1 20911
NW_019168429.1
1 20897
NW_019168430.1
1 20873
NW_019168431.1
1 20823
NW_019168432.1
1 20813
NW_019168433.1
1 20781
NW_019168434.1
1 20776
NW_019168435.1
1 20662
NW_019168436.1
1 20661
NW_019168437.1
1 27000
28001 135677
NW_019168438.1
1 20629
NW_019168439.1
1 20629
NW_019168440.1
1 20561
NW_019168441.1
1 20555
NW_019168442.1
1 20543
NW_019168443.1
1 20505
NW_019168444.1
1 20470
NW_019168445.1
1 20469
NW_019168446.1
1 20421
NW_019168447.1
1 20412
NW_019168448.1
1 135078
NW_019168449.1
1 20401
NW_019168450.1
1 20344
NW_019168451.1
1 20322
NW_019168452.1
1 20282
NW_019168453.1
1 20225
NW_019168454.1
1 20211
NW_019168455.1
1 20127
NW_019168456.1
1 20111
NW_019168457.1
1 20058
NW_019168458.1
1 20042
NW_019168459.1
1 101682
102683 134467
NW_019168460.1
1 18493
NW_019168461.1
1 18172
NW_019168462.1
1 17844
NW_019168463.1
1 15123
NW_019168464.1
1 14073
NW_019168465.1
1 12704
NW_019168466.1
1 10311
NW_019168467.1
1 1446
NW_019168468.1
1 26433
27434 53578
54579 82154
83155 134064
NW_019168469.1
1 131203
NW_019168470.1
1 20554
21555 62865
63866 592192
593193 729658
730659 814733
815044 815098
815189 1380908
1381909 1407718
1408719 1842883
1843884 2189597
2190598 2380327
2381328 2774147
2775148 2806623
2807624 3044661
3045662 3108276
3109277 3525860
3526861 3551603
3552604 4182205
4183206 4545596
4546597 4588070
4589071 4765361
4766362 4788754
4789755 4809898
4810899 4913885
4914886 5510785
5511786 5596076
5596470 5906953
5907954 6488613
6489614 7386242
7387243 8154313
8155314 8735730
8736731 8791093
8792094 8827975
8828976 10180232
10181233 10247251
10248252 10329243
10330244 11053097
11054098 11115538
11116539 11663783
11664097 12058268
12059269 13422776
13423777 13489062
13490063 15027996
15028413 17091919
17092920 17276029
17277036 17637752
17638753 17663580
17664581 17696726
17697727 17728016
17729017 17796285
17797286 17864397
17865398 17891937
17892938 17914494
17915495 17958449
17959450 18472356
18473357 18595025
18596026 18791661
18791888 18792377
18793759 18794323
18794464 18794636
18794863 18796727
18797728 18834185
18835186 18946201
18947202 19104519
19105520 19139362
19140363 19199498
19200499 19371602
19372603 19496908
19497909 19522082
19523083 20318306
20319237 20531220
20532221 20600222
20601223 20729101
20730102 21441919
21442920 21601759
21602760 22134558
22135559 22318171
22319172 22732894
22733895 22760849
22761850 22953870
22954871 22993533
22994534 23307260
23308261 25516674
25517675 25591793
25592794 26202970
26203971 26282861
NW_019168471.1
1 129858
NW_019168472.1
1 128422
NW_019168473.1
1 126912
NW_019168474.1
1 125844
NW_019168475.1
1 52279
53280 125787
NW_019168476.1
1 36059
37060 125211
NW_019168477.1
1 29899
30900 69163
70164 122804
NW_019168478.1
1 119140
NW_019168479.1
1 32620
33621 66116
67747 117733
NW_019168480.1
1 28152
29153 67476
68477 117042
NW_019168481.1
1 42389
43390 95019
96020 1956808
1956882 1957719
1958107 1958667
1958739 2007300
2007385 2007613
2007754 2007803
2007906 2011716
2012717 2052661
2053662 2189269
2190270 2624082
2625083 2674281
2675282 2711514
2712515 2801936
2802296 2861210
2862211 2921231
2922232 3632403
3633404 3707839
3708840 3746417
3747418 4019655
4020656 4472173
4473174 4787860
4788861 4809989
4810990 4895813
4896814 4917577
4918578 4948454
4948539 4948793
4948942 5060369
5061370 5135232
5136233 5269529
5270530 5318661
5319662 5340042
5341043 5682446
5683447 5707375
5708376 5786236
5787237 6001154
6002155 6064194
6065195 6232203
6233204 6410259
6411260 7448990
7449991 7618099
7618739 7618797
7621633 7887168
7888169 7930844
7931845 7984538
7985539 8354530
8355531 9408393
9409394 9684464
9684755 10697762
10698763 10824556
10825557 11013708
11014709 11183113
11184114 11634974
11635975 11656374
11657375 11844593
11845594 12173015
12174016 12174800
12174894 12175026
12175399 12175501
12175586 12222252
12223253 12447758
12448759 12484907
12485908 13343260
13344261 14333061
14334062 17315820
17316821 18024749
18025750 19609878
19610879 19695291
19696292 20585205
20586206 20781212
20782213 20896285
20897286 20943656
20944657 21122117
21123118 21161453
21162454 21928800
21929801 23680712
23681713 24733831
24734832 24815241
24820559 24874260
24875261 25670257
25671258 25697544
25698545 25738672
25739673 25818110
NW_019168482.1
1 29097
30098 50623
51624 79678
80679 113083
NW_019168483.1
1 111682
NW_019168484.1
1 45186
46187 111177
NW_019168485.1
1 108394
NW_019168486.1
1 23156
24157 108167
NW_019168487.1
1 107766
NW_019168488.1
1 55686
56687 102991
NW_019168489.1
1 27694
28695 102453
NW_019168490.1
1 101443
NW_019168491.1
1 58237
59238 101268
NW_019168492.1
1 319032
320033 1036793
1037794 1092785
1093786 1131583
1132584 1275859
1276860 1318197
1319198 1368537
1369538 1393377
1394378 1545904
1546905 1582470
1583471 1681332
1682333 1713316
1714317 1742406
1743407 1832891
1837893 1923966
1924967 2360546
2361547 2392653
2393654 2463993
2464994 2533351
2534352 2878704
2879081 3346292
3347293 3797142
3798143 3976039
3977040 4714874
4715875 4744091
4745092 4935803
4936804 4984839
4985840 5021954
5022955 5091564
5092565 5116190
5117191 6390578
6391579 6655779
6656780 6715206
6716207 6779339
6780340 6824754
6825755 7432236
7433237 7466369
7467370 7522396
7523397 7547050
7548051 7571395
7572396 8351291
8352292 8451820
8452821 8585554
8585809 8641187
8642188 8738101
8739102 8895559
8896560 8930465
8931466 9755878
9756879 11932154
11932712 12095709
12096710 12234884
12235885 12274412
12275413 12428186
12428406 12428522
12428759 12540800
12541801 12586538
12587539 12806073
12807074 12831149
12832150 12863762
12864763 12888026
12889027 12918071
12919072 12952666
12953667 12981530
12982531 13012035
13013036 13036362
13037363 13073164
13074165 13094906
13095907 13119215
13120216 13182113
13183114 13254198
13255199 13324067
13324726 13352643
13353644 13428850
13429851 13668156
13669157 13709290
13710291 14288881
14289882 14347183
14348184 14875967
14876968 14897298
14898299 15303783
15304012 15325875
15326876 15732296
15733297 15934947
15935948 16060145
16061146 16093800
16094801 16429840
16430841 16553803
16554804 16618565
16619566 16681708
16681822 16682568
16682789 16683755
16684756 16785235
16786236 16884570
16885571 16957259
16958260 17036605
17037606 17134298
17135299 17205220
17206221 17234756
17235757 17260501
17261502 17361438
17362439 17488278
17489279 17579812
17580813 17609731
17610732 17651570
17652571 17709523
17710524 17740025
17741026 17755248
17756249 18063907
18064908 18100759
18101760 18121351
18122352 18148363
18149364 18621704
18622705 18652217
18653218 18689741
18690742 18712082
18713083 18763746
18764520 18814910
18815911 19314307
19315308 19386080
19387081 19418116
19419117 19594939
19595940 19688045
19689046 19811378
19812379 19862695
19863696 20134083
20135084 20159860
20160861 20184130
20185131 20642055
20643056 21682203
21682553 21682958
21683359 21683449
21683568 21882416
21883417 22057547
22058548 22678822
22679823 23012106
23013107 24099010
24100011 25814696
NW_019168493.1
1 21519
22520 100673
NW_019168494.1
1 100055
NW_019168495.1
1 99684
NW_019168496.1
1 94084
NW_019168497.1
1 66881
67882 93177
NW_019168498.1
1 90895
NW_019168499.1
1 90779
NW_019168500.1
1 48883
49884 90681
NW_019168501.1
1 90112
NW_019168502.1
1 89750
